1	3383	24.179517	53.281	0	0.0707577
2	3442	26.280693	45.2668	1	0.0482137
3	3898	25.595661	48.1344	2	0.0544397
4	3538	24.226897	46.8942	3	0.0535633
5	3689	24.624898	51.5666	4	0.0592664
6	3690	24.38569	46.2487	5	0.0485912
7	3218	25.999268	50.5867	6	0.0604722
8	3514	26.859224	50.0536	7	0.0566646
9	3106	24.644009	53.6089	8	0.0649485
10	3569	24.77439	49.6381	10	0.0586481
11	3862	24.90287	45.0959	11	0.0447768
12	3778	26.975224	47.7782	12	0.0495406
13	3036	24.793727	48.8964	13	0.0551896
14	3432	23.770141	43.5836	14	0.0417178
15	974	23.793708	40.7043	15	0.0355307
16	3371	24.565298	47.1772	16	0.0523293
17	1457	21.664089	44.8135	17	0.0463068
18	991	22.439467	39.8004	18	0.0355275
19	3029	24.42124	38.9611	20	0.0358119
20	3111	24.544135	49.9787	21	0.0534217
21	1342	24.383638	46.2658	22	0.0453136
22	3436	26.087225	48.2732	23	0.0548944
23	3925	25.489568	38.5695	24	0.0317034
24	3133	26.546024	48.9515	25	0.0536599
25	3578	24.324137	38.5197	26	0.0339947
26	3138	24.561872	45.5443	27	0.0423894
27	803	23.729796	43.6225	28	0.0410876
28	3618	26.895966	51.8084	30	0.0536183
29	3477	24.263027	45.4973	31	0.0483341
30	3855	23.518323	44.0163	32	0.0441113
31	3368	27.984008	49.1143	33	0.0477064
32	3773	23.691367	48.9225	34	0.0518178
33	3445	24.195889	46.7952	35	0.0505831
34	1464	24.930409	48.5945	36	0.0510041
35	1758	23.785428	40.9154	37	0.0384694
36	3741	27.53741	50.6366	38	0.0557807
37	806	23.285095	36.7756	100	0.0314112
38	839	22.290388	43.5841	101	0.0439431
39	914	21.943962	41.2206	102	0.0402597
40	1139	21.579466	38.1901	103	0.0338851
41	1789	24.382429	41.4184	104	0.0365539
42	1841	26.662701	45.3394	105	0.0450075
43	557	24.288187	48.305	106	0.0507086
44	2527	25.258257	46.677	107	0.0475484
45	382	24.918659	50.5811	108	0.057039
46	916	21.387516	40.525	110	0.0385289
47	2198	27.03069	47.9081	111	0.0457408
48	3678	24.604494	43.9482	112	0.0418854
49	1288	24.396128	43.2299	113	0.0426159
50	1951	23.483286	50.6329	114	0.0551966
51	2018	23.016174	43.0218	115	0.042238
52	2480	25.223636	45.6204	116	0.0473057
53	890	23.368312	36.4738	117	0.0283726
54	1443	26.27043	49.5105	118	0.0493568
55	1571	25.82557	48.2897	120	0.0508262
56	2566	24.856343	48.4687	121	0.0486165
57	2588	27.606162	42.8536	122	0.0371246
58	287	24.811151	41.5196	123	0.0402388
59	693	25.691678	51.7322	124	0.0519748
60	853	25.804281	38.4344	125	0.0298318
61	1145	22.225752	39.1329	126	0.0333308
62	2624	25.283088	43.1691	127	0.0396937
63	919	23.734046	40.2792	128	0.0350795
64	515	23.68025	56.1982	130	0.0663777
65	553	23.665316	49.4697	131	0.050884
66	911	23.582471	38.8342	132	0.0337461
67	1154	24.715734	43.4655	133	0.038492
68	1818	25.327675	51.4446	134	0.0556742
69	813	23.597421	40.4579	135	0.0377929
70	1006	23.837417	42.2967	136	0.0379427
71	1107	24.154339	38.6265	137	0.0312169
72	881	24.343244	46.7077	138	0.0469173
73	856	23.986475	46.1149	200	0.0464468
74	886	22.972483	45.318	201	0.0435369
75	1161	25.394019	39.8631	202	0.0345823
76	2093	24.414061	47.1906	203	0.0505588
77	2685	25.586761	46.4493	204	0.0451786
78	1036	26.471713	44.9471	205	0.042585
79	1130	23.643316	46.7809	206	0.0462974
80	1857	25.494952	46.8897	207	0.0454599
81	2337	25.730686	46.7418	208	0.0494069
82	2661	25.248355	42.0142	210	0.0431949
83	2792	25.787118	45.8842	211	0.0469243
84	1376	21.573889	40.1943	212	0.0384279
85	1378	23.060998	48.1227	213	0.0531241
86	1786	27.287519	47.3121	214	0.0445127
87	2526	22.16241	47.8908	215	0.0526833
88	595	23.285701	42.6567	216	0.0382203
89	647	25.137673	46.8396	217	0.045313
90	845	24.862134	46.8029	218	0.0439975
91	967	23.740427	47.3927	220	0.046762
92	1217	24.410154	48.0161	221	0.0490123
93	654	24.706081	45.3298	222	0.0424526
94	776	24.169457	41.7584	223	0.0391566
95	1382	24.617357	48.1659	224	0.0490023
96	2152	25.210033	48.4413	225	0.0508859
97	2625	25.226802	44.1534	226	0.0444379
98	2686	26.794633	47.4945	227	0.0478287
99	2804	26.292715	46.9913	228	0.0460009
100	229	25.108523	44.6361	230	0.044898
101	814	23.970708	42.1203	231	0.0371263
102	1033	25.760972	49.1728	232	0.0498589
103	1182	24.839146	51.8674	233	0.0558965
104	1258	23.973528	46.4968	234	0.0482394
105	1675	24.241731	48.0874	235	0.0496828
106	1864	25.29806	39.5752	236	0.0339476
107	3814	23.708584	42.7461	237	0.0400142
108	2281	25.184318	46.2501	238	0.0479649
109	2300	23.782309	44.6794	300	0.0492253
110	1005	23.279959	42.0647	301	0.0410559
111	1195	24.174533	42.4372	302	0.0452057
112	1395	24.623666	42.6687	303	0.0408704
113	1425	27.099305	44.153	304	0.0419061
114	1630	26.776898	46.2097	305	0.0476764
115	2107	25.660736	49.6326	306	0.0544635
116	2254	27.125356	46.2501	307	0.0449412
117	2424	27.343488	47.8851	308	0.0527818
118	362	25.241716	49.5846	310	0.0615739
119	1220	24.304453	45.7896	311	0.0496296
120	1577	24.329503	46.7444	312	0.053789
121	1918	27.256995	49.7953	313	0.0511699
122	2617	23.935315	44.8924	314	0.0468273
123	743	24.988991	46.975	315	0.0475955
124	921	24.298601	43.0797	316	0.0428636
125	993	23.059033	43.3785	317	0.0414685
126	1022	24.003131	48.5572	318	0.0525016
127	1354	26.946912	47.606	320	0.0487594
128	1501	25.678961	47.1097	321	0.0496146
129	1665	25.953506	50.8822	322	0.0530347
130	2094	25.480561	49.9689	323	0.0544336
131	2573	24.88647	44.56	324	0.0421614
132	2684	23.881162	45.6643	325	0.0503373
133	2752	24.246972	-1518.7	326	189.513
134	932	26.381574	-1313.5	327	115.592
135	997	25.934305	42.6406	328	0.0374378
136	1180	24.898943	50.8776	330	0.0536723
137	1516	26.385424	48.5597	331	0.0505493
138	1843	25.416738	46.7732	332	0.0482553
139	2691	25.173142	46.1127	333	0.0486879
140	2790	25.907128	50.074	334	0.0544238
141	1537	24.560682	48.4434	335	0.0513362
142	2450	24.381991	48.8752	336	0.0529948
143	2780	26.179751	47.427	337	0.0492213
144	375	25.320589	41.2233	338	0.0401993
145	1860	25.111962	38.6783	400	0.0348396
146	1179	25.912412	45.8436	401	0.0462079
147	2257	27.119468	46.2972	402	0.0472654
148	2569	25.994676	46.1797	403	0.0437801
149	2237	27.582818	47.1101	404	0.0471932
150	2373	25.313623	48.1552	405	0.0532921
151	1236	29.330379	49.2766	406	0.0465397
152	1416	25.915685	47.6223	407	0.0509551
153	2187	24.628682	45.285	408	0.0464263
154	1421	28.452537	46.8182	410	0.0456224
155	2052	26.543115	47.7703	411	0.0489714
156	1427	29.505157	45.4055	412	0.0450905
157	1585	29.45812	46.3768	413	0.0458343
158	1927	34.938173	51.2139	414	0.0473861
159	2211	29.587731	46.7314	415	0.04325
160	2421	27.868302	44.0097	416	0.0415192
161	1041	28.767769	46.2383	417	0.0426814
162	1043	27.243129	46.6172	418	0.042591
163	1487	23.888788	47.5481	420	0.0501025
164	2438	26.819366	45.3891	421	0.0448395
165	521	25.539608	48.3155	422	0.0506279
166	1047	28.340723	42.9731	423	0.0358479
167	1052	27.18333	47.5261	424	0.0452459
168	2163	24.782746	48.9762	425	0.0575262
169	2330	27.834689	46.7608	426	0.0425456
170	1513	28.072389	48.7577	427	0.0465434
171	1553	30.141026	48.6938	428	0.0439973
172	541	24.093733	49.702	430	0.0546929
173	2500	31.029783	47.2884	431	0.0455233
174	1048	28.949627	45.5276	432	0.0423153
175	1216	25.500364	48.6512	433	0.0496226
176	1369	25.535031	44.3945	434	0.0417825
177	1401	24.944994	45.175	435	0.0464894
178	1404	28.110325	48.2797	436	0.0472058
179	0	27.983809	51.596	437	0.0545143
180	2717	25.902923	48.2824	438	0.0529775
181	3719	25.367385	50.7482	500	0.0547012
182	3949	24.266952	43.749	501	0.0413849
183	3922	22.134907	48.0136	502	0.0553716
184	2603	24.057626	40.6512	503	0.0387999
185	3046	21.538787	36.8838	504	0.0311975
186	3893	22.856022	45.2894	505	0.04704
187	3904	26.112367	45.4042	506	0.0427611
188	3489	25.454115	48.3805	507	0.0513301
189	3528	24.684097	46.8304	508	0.0471339
190	3105	25.032965	50.2245	510	0.0562915
191	1526	23.557981	47.4535	511	0.0481204
192	3998	24.348918	37.6165	512	0.0313757
193	3697	24.737281	49.5739	513	0.0532742
194	3915	26.482919	50.75	514	0.0509865
195	2825	23.282221	48.394	515	0.0511571
196	2971	24.63181	44.4835	516	0.0437579
197	3708	23.201303	47.4288	517	0.0466919
198	2934	27.072589	55.1157	518	0.0621994
199	3279	25.993598	46.0935	520	0.0480843
200	3426	25.22306	47.4022	521	0.0477663
201	3937	25.549797	48.726	522	0.049071
202	3421	27.139134	43.7282	523	0.0431238
203	877	24.301973	49.5949	524	0.0526864
204	3022	26.562329	51.2299	525	0.0541584
205	3909	23.901003	49.9931	526	0.0573353
206	3216	25.48328	47.8663	527	0.0505123
207	1229	22.747914	44.5173	528	0.0410373
208	3331	26.283076	51.9919	530	0.0582065
209	2027	24.831312	48.719	531	0.0506033
210	3370	23.055929	45.594	532	0.0473244
211	3308	26.370901	49.8383	533	0.0509132
212	4017	23.391515	47.6208	534	0.0500329
213	1900	23.134032	49.2694	535	0.0573946
214	3357	30.353265	51.0556	536	0.0496208
215	3951	29.170244	39.6283	537	0.0305293
216	3539	29.718791	42.1539	538	0.0354042
217	1890	25.106123	47.02	600	0.0452061
218	2144	27.171616	46.7792	601	0.0459693
219	1366	25.340666	47.9254	602	0.0465502
220	1589	27.069772	50.3525	603	0.0516149
221	1820	21.749016	48.1404	604	0.0520541
222	2009	25.961972	44.2554	605	0.0420267
223	2045	25.689597	48.6457	606	0.0498181
224	2489	23.406917	47.2635	607	0.0494621
225	2576	25.798009	49.9066	608	0.0527772
226	2877	26.098818	48.2096	610	0.047272
227	833	24.037502	42.1089	611	0.0374299
228	2077	24.301483	50.6542	612	0.0555356
229	1004	25.941633	37.1789	613	0.0288646
230	1669	28.872389	48.7849	614	0.0464329
231	2204	28.25405	45.8148	615	0.0421673
232	2210	26.761866	44.0558	616	0.0416328
233	606	23.874921	49.0159	617	0.0486244
234	683	24.101273	49.6886	618	0.0517339
235	918	24.696617	52.1652	620	0.0567033
236	1173	23.687351	37.7354	621	0.0312948
237	2096	25.922159	47.8539	622	0.0473268
238	2435	24.177652	38.6615	623	0.0327272
239	670	23.016355	39.9976	624	0.0374018
240	494	23.41872	45.7849	625	0.0452008
241	1106	26.122186	43.3643	626	0.0396745
242	2386	24.978584	47.1552	627	0.0497523
243	1264	24.372101	40.993	628	0.0357446
244	302	25.314761	46.0799	630	0.0495679
245	965	24.153895	44.6304	631	0.0419901
246	388	24.803364	44.2472	632	0.0436047
247	885	24.037631	41.3403	633	0.0353684
248	1792	31.950522	46.0679	634	0.0375704
249	369	24.041959	39.1619	635	0.0352004
250	621	23.331019	46.5465	636	0.0455088
251	1327	26.807581	49.9542	637	0.0503184
252	4030	23.894591	40.0927	638	0.0354452
253	2871	28.232823	51.6454	700	0.0524544
254	498	25.725745	45.001	701	0.0440114
255	791	26.72891	49.6309	702	0.0485696
256	954	25.556221	41.0666	703	0.0340786
257	1029	23.98295	46.1428	704	0.0449019
258	1123	22.771243	48.5989	705	0.0519719
259	1274	26.479666	50.8096	706	0.0537913
260	1372	25.661416	47.5684	707	0.0450165
261	1451	25.659283	53.0022	708	0.0593085
262	2415	24.454109	40.7419	710	0.0372876
263	2975	25.057943	48.0163	711	0.0487469
264	809	24.673228	43.9847	712	0.0392422
265	888	22.853917	40.6838	713	0.0386376
266	1126	23.94683	51.5482	714	0.0568335
267	1165	25.834993	52.805	715	0.0560452
268	1575	24.577865	49.0925	716	0.0544042
269	2098	26.737153	43.9695	717	0.0387606
270	1094	22.538404	42.7766	718	0.0396358
271	1104	25.95077	50.4415	720	0.0528556
272	1122	25.730084	49.9539	721	0.0506096
273	2115	25.728399	47.8831	722	0.0478755
274	2793	25.627709	49.5746	723	0.051879
275	1254	23.723392	47.9615	724	0.0461234
276	1289	24.882576	49.5551	725	0.0536826
277	1431	27.737787	42.7385	726	0.0391704
278	1627	23.713188	49.6217	727	0.051638
279	2948	25.095865	48.98	728	0.0485437
280	1227	22.66184	51.4673	730	0.0549744
281	1508	23.227441	49.4273	731	0.053326
282	1643	27.6944 	49.4655	732	0.048115
283	1761	24.530609	49.2627	733	0.051932
284	632	24.781247	42.2375	734	0.0370593
285	811	23.880537	46.7801	735	0.0474392
286	1982	25.895336	50.9692	736	0.0511961
287	532	24.643021	44.9138	737	0.0420925
288	998	25.582035	47.9382	738	0.0473055
289	672	25.35945	47.3052	800	0.0452583
290	3754	24.700541	47.7004	801	0.0481049
291	1293	22.557686	41.9133	802	0.0384088
292	2493	25.053757	51.7951	803	0.0569438
293	1044	24.894482	40.0525	804	0.0326515
294	1971	25.270693	49.1472	805	0.0519467
295	2768	23.474192	43.615	806	0.0403125
296	2836	23.644214	46.8863	807	0.0457778
297	930	22.974172	44.2649	808	0.0436562
298	1135	25.650103	50.7574	810	0.0570322
299	2487	25.038047	47.7502	811	0.0481577
300	2636	26.364258	51.4966	812	0.054871
301	2714	24.202356	45.2669	813	0.0446658
302	2747	26.180259	48.5951	814	0.0486926
303	2910	28.269317	51.3361	815	0.0529359
304	345	24.836878	40.4225	816	0.035945
305	910	24.081296	45.5155	817	0.0421643
306	986	24.393958	47.0189	818	0.0450317
307	1184	25.410664	46.5269	820	0.0475206
308	2004	25.266096	48.869	821	0.0499315
309	226	25.626886	45.4359	822	0.0456621
310	1665	23.05827	50.2935	823	0.0544942
311	1867	26.150317	48.8615	824	0.0510047
312	2486	24.912642	50.2368	825	0.0545314
313	2854	25.372193	45.651	826	0.0442062
314	652	25.355047	41.9977	827	0.0371461
315	838	25.111784	48.6622	828	0.0494815
316	1030	24.887946	49.0882	830	0.0485313
317	1056	24.660255	47.9725	831	0.04824
318	1948	23.523867	46.1145	832	0.0488741
319	2137	26.705623	48.7884	833	0.0526453
320	2185	24.809856	46.1094	834	0.044815
321	1091	24.056097	47.6082	835	0.0475649
322	1304	23.945219	45.9175	836	0.0441064
323	332	27.707177	42.5817	837	0.0361039
324	1521	24.057763	40.1138	838	0.0355374
325	276	28.155531	43.9633	900	0.038904
326	1038	25.326421	38.5496	901	0.0327302
327	1291	29.655859	44.4962	902	0.0372778
328	2735	25.608707	51.4969	903	0.0541936
329	2189	26.254756	49.1819	904	0.049898
330	2683	27.62081	48.3256	905	0.0471289
331	2981	28.038845	42.2281	906	0.036687
332	3000	25.037124	49.6349	907	0.0546012
333	313	25.221449	39.4854	908	0.0358334
334	772	25.203319	46.4916	910	0.0471464
335	1019	25.723814	45.1509	911	0.0426329
336	1059	24.427313	45.9705	912	0.0448749
337	1259	27.199852	45.9416	913	0.0442445
338	1350	25.353362	47.5708	914	0.0478836
339	1564	25.342772	49.5889	915	0.0542397
340	1844	29.562282	46.1026	916	0.041469
341	2626	22.883687	42.8715	917	0.0407696
342	2837	25.77063	49.8792	918	0.0533011
343	1164	26.68755	46.3629	920	0.0449843
344	1215	24.823681	40.2827	921	0.0325546
345	1237	27.349526	48.6664	922	0.0464394
346	1934	31.242187	44.4509	923	0.0382551
347	2031	32.399094	50.8631	924	0.047203
348	2855	26.073367	49.2461	925	0.0506107
349	880	24.525221	45.4507	926	0.0432964
350	1647	28.658599	48.2469	927	0.0452075
351	697	24.832401	50.7389	928	0.0534411
352	1539	25.20635	48.2944	930	0.049231
353	2169	25.898406	49.683	931	0.0534735
354	2219	25.712926	48.3245	932	0.0584924
355	2623	24.72214	48.303	933	0.0528447
356	1042	27.556045	46.3334	934	0.0414559
357	1371	30.140836	47.5026	935	0.0465344
358	1402	24.855967	47.8278	936	0.0502498
359	2417	24.719824	51.2768	937	0.056025
360	2488	24.987152	50.2835	938	0.0600803
361	3833	24.099028	49.8082	1000	0.0550257
362	3609	26.224128	37.2212	1001	0.0296883
363	847	25.534876	48.5368	1002	0.0478547
364	2979	26.092163	52.7345	1003	0.0576487
365	3947	24.492617	45.6779	1004	0.0437507
366	960	23.956995	39.9914	1005	0.0334195
367	3772	25.084663	50.0108	1006	0.0565404
368	3330	26.134164	48.079	1007	0.0478555
369	796	25.239575	45.1073	1008	0.040168
370	3981	24.775563	50.4479	1010	0.0535613
371	3533	24.600721	50.3618	1011	0.0524727
372	2826	24.288491	49.3415	1012	0.0499193
373	658	23.885708	40.757	1013	0.0402395
374	2217	23.458649	45.3655	1014	0.0450047
375	3900	25.367979	48.7803	1015	0.0483118
376	3030	24.166557	52.3984	1016	0.060645
377	3285	25.406179	50.9119	1017	0.0528786
378	3251	25.282687	49.1714	1018	0.0496536
379	3420	25.515217	42.8582	1020	0.0424014
380	3530	24.80417	46.1626	1021	0.0420224
381	3839	24.978697	43.9452	1022	0.0408972
382	2030	26.198691	51.4889	1023	0.0559416
383	3532	24.968058	52.0818	1024	0.0566143
384	2906	26.084426	48.7012	1025	0.0491581
385	3867	25.277644	43.9797	1026	0.041103
386	3841	23.925938	42.3871	1027	0.0381505
387	818	25.056683	41.875	1028	0.0400172
388	2598	25.055674	50.2934	1030	0.0537454
389	3611	25.636844	49.7332	1031	0.0538016
390	2770	24.974992	43.7623	1032	0.0390526
391	3027	25.240513	47.7605	1033	0.04868
392	2303	26.552127	46.3951	1034	0.0441841
393	3760	24.747273	49.7503	1035	0.052646
394	3650	24.998543	45.1695	1036	0.0430956
395	3034	25.964067	46.5844	1037	0.0440937
396	3856	24.524331	49.8022	1038	0.0513923
397	3295	24.014642	47.7109	1100	0.0486091
398	3181	25.164949	44.6114	1101	0.0439959
399	3387	25.529352	42.9537	1102	0.0400885
400	3895	24.845977	46.2271	1103	0.0437707
401	3562	24.487306	44.6626	1104	0.0440675
402	1850	25.464877	49.4826	1105	0.0521657
403	3929	24.473415	46.059	1106	0.0447511
404	1849	23.592184	37.4886	1107	0.0315139
405	1452	24.776382	44.3809	1108	0.0424904
406	3184	20.80662	44.366	1110	0.0484964
407	2939	26.179009	50.0576	1111	0.0512676
408	3286	24.870754	48.8393	1112	0.0477218
409	3913	26.263693	45.9133	1113	0.0457769
410	3467	25.496224	45.256	1114	0.0460581
411	3751	24.748627	48.683	1115	0.0509286
412	1414	24.156209	42.3517	1116	0.0406141
413	3386	26.192431	45.5954	1117	0.0453619
414	3262	24.220881	48.8196	1118	0.0516438
415	3861	26.385035	48.3122	1120	0.0478989
416	1286	23.192684	47.7392	1121	0.0472616
417	2454	25.637215	51.5058	1122	0.0574748
418	906	26.025338	44.5783	1123	0.0415276
419	3840	23.427399	37.6067	1124	0.0311474
420	3123	23.358055	49.8106	1125	0.0540046
421	3321	27.709727	46.773	1126	0.0452281
422	1983	26.064421	49.1336	1127	0.0500705
423	3289	24.432074	50.262	1128	0.0515688
424	3340	26.347565	50.5424	1130	0.0525708
425	3259	24.310004	43.1782	1131	0.0412351
426	3868	25.93149	48.914	1132	0.0513774
427	898	24.250845	45.1828	1133	0.0441853
428	3634	26.85064	49.3064	1134	0.051684
429	676	23.719262	47.9053	1135	0.0500052
430	3021	25.742314	46.8136	1136	0.0472596
431	1750	22.163867	43.5313	1137	0.0427343
432	3531	23.801659	48.9689	1138	0.0538203
433	368	23.481031	48.604	1200	0.0515626
434	1010	22.057897	44.2164	1201	0.0424449
435	2088	21.368514	35.5453	1202	0.0281386
436	2652	24.356329	47.7585	1203	0.0455613
437	2577	22.681284	45.8292	1204	0.0449885
438	551	25.707464	44.8826	1205	0.0430545
439	620	26.301345	50.4637	1206	0.0480873
440	669	23.774248	34.5836	1207	0.0270827
441	1021	26.88492	39.9889	1208	0.0325028
442	2894	27.27565	47.6805	1210	0.0475581
443	859	22.821142	41.2357	1211	0.0360804
444	1496	24.316813	46.9377	1212	0.0449021
445	807	23.821883	45.3883	1213	0.04692
446	1466	26.018697	51.5161	1214	0.0549534
447	2478	27.145453	52.3534	1215	0.0568367
448	1155	17.321004	37.7135	1216	0.0375485
449	1365	33.411018	45.974	1217	0.0353772
450	1803	33.971371	52.3965	1218	0.0481165
451	2509	22.641119	40.6646	1220	0.0382963
452	2533	24.527016	46.2244	1221	0.0458474
453	872	23.973157	47.7398	1222	0.0473586
454	908	23.41179	36.2083	1223	0.0281979
455	1061	24.713389	42.0142	1224	0.0361049
456	2430	23.956482	38.429	1225	0.0316362
457	1578	26.221575	48.7869	1226	0.0496624
458	2655	26.137573	43.389	1227	0.0391239
459	307	20.562364	36.6746	1228	0.0337283
460	610	24.233338	40.554	1230	0.0349043
461	1654	26.466959	45.9177	1231	0.042234
462	2382	25.417209	47.7723	1232	0.048917
463	2609	21.58407	38.5051	1233	0.0343418
464	527	24.503588	46.3599	1234	0.0456523
465	812	25.106177	45.5269	1235	0.0434473
466	1780	23.518497	51.7695	1236	0.0565936
467	1807	27.198303	48.8285	1237	0.0484377
468	2718	25.576218	49.6502	1238	0.0555531
469	2687	25.467102	48.4305	1300	0.0495838
470	2900	26.323286	48.7092	1301	0.0465513
471	728	23.970861	48.0492	1302	0.0491955
472	794	24.315804	43.0956	1303	0.037692
473	841	24.617798	40.9541	1304	0.0353094
474	1017	25.563817	49.2957	1305	0.0511486
475	1432	25.133003	42.1396	1306	0.0377724
476	1808	24.082729	51.1675	1307	0.0571864
477	3079	25.689416	48.6364	1308	0.0506719
478	506	24.393382	42.1496	1310	0.0395195
479	579	24.009068	50.0427	1311	0.0519406
480	907	26.082577	47.3735	1312	0.0452656
481	954	25.499471	40.6895	1313	0.0350285
482	1117	26.509232	50.6376	1314	0.0537679
483	1870	27.452709	54.2111	1315	0.0585758
484	2028	24.424106	47.5579	1316	0.0496004
485	2419	23.783756	44.3932	1317	0.0464058
486	2654	24.669738	48.4624	1318	0.0489684
487	342	22.736439	42.3698	1320	0.042104
488	805	24.928586	42.9296	1321	0.0383276
489	2202	29.097024	44.2521	1322	0.0390316
490	2585	24.913524	44.2962	1323	0.044952
491	816	25.246888	40.9656	1324	0.0348597
492	931	23.343742	44.9816	1325	0.0434028
493	751	24.687139	39.8827	1326	0.0329217
494	1040	27.24295	42.5812	1327	0.0345415
495	1576	26.623836	51.8386	1328	0.0548987
496	2385	25.68653	49.5348	1330	0.050234
497	691	24.502018	48.2188	1331	0.0475172
498	802	24.086548	48.2069	1332	0.0485179
499	874	25.661318	48.7138	1333	0.0481376
500	1183	25.749143	46.7069	1334	0.0433211
501	1445	28.544802	51.694	1335	0.0549654
502	1495	26.385558	48.6374	1336	0.0485706
503	2026	25.757452	47.8116	1337	0.04782
504	2131	25.962033	49.2579	1338	0.0530144
505	2694	25.030748	50.8096	1400	0.0538466
506	2807	27.591364	46.6882	1401	0.0445388
507	279	25.36619	43.1328	1402	0.0406934
508	591	26.668194	48.1602	1403	0.048286
509	968	22.814081	41.3146	1404	0.0384483
510	1272	25.877368	46.4884	1405	0.0454414
511	1349	23.547713	45.4498	1406	0.0424624
512	1523	24.926682	48.5526	1407	0.0490934
513	1871	25.006922	49.4487	1408	0.0526105
514	2349	25.026278	46.8376	1410	0.0505741
515	2469	23.647642	45.7825	1411	0.0497489
516	2520	24.988954	48.7399	1412	0.0537876
517	587	24.497046	43.6398	1413	0.0439403
518	1435	24.812165	48.0615	1414	0.0486655
519	1631	24.899378	47.2727	1415	0.0483469
520	1294	26.719776	45.7296	1416	0.044483
521	1540	23.806577	48.1702	1417	0.0479536
522	1662	26.206307	47.0418	1418	0.0448705
523	2170	25.285083	54.2299	1420	0.0621457
524	2413	25.14693	44.7829	1421	0.0474664
525	2528	24.493649	44.6129	1422	0.0452218
526	2771	23.86765	42.8296	1423	0.0424802
527	2880	28.926852	46.7609	1424	0.0427876
528	1054	23.756887	42.849	1425	0.0397677
529	1793	25.987396	49.3296	1426	0.051
530	1915	24.843431	47.1074	1427	0.046644
531	2248	24.127947	49.4986	1428	0.0548071
532	2412	24.222883	49.4826	1430	0.0565629
533	2643	24.765706	47.5705	1431	0.0500491
534	3890	23.776424	48.3577	1432	0.0528627
535	212	21.420734	47.2305	1433	0.0512423
536	1025	23.364518	43.7535	1434	0.0413072
537	1142	22.21622	44.5893	1435	0.0458331
538	1287	25.774604	49.0483	1436	0.0511111
539	1788	25.372337	41.027	1437	0.0365005
540	2659	24.27401	51.7212	1438	0.0617001
541	3620	23.307495	48.1969	1500	0.0530792
542	3853	26.401214	44.6862	1501	0.04213
543	3928	24.189558	42.3355	1502	0.0390111
544	3863	26.435128	49.8001	1503	0.0494582
545	3737	22.745173	38.8389	1504	0.0336212
546	469	24.368016	42.4117	1505	0.0391029
547	2930	26.327714	47.1272	1506	0.0472801
548	3776	24.78036	51.9972	1507	0.0541877
549	3062	24.592979	44.1011	1508	0.0420738
550	2927	26.47765	46.3217	1510	0.04563
551	797	23.586977	47.1723	1511	0.0478977
552	1405	24.798688	48.4574	1512	0.0493107
553	3736	24.44065	50.4864	1513	0.05676
554	3965	23.759872	49.0781	1514	0.053431
555	3559	25.525538	51.4529	1515	0.0530823
556	1032	28.559407	47.2236	1516	0.0441914
557	3635	26.482875	39.1539	1517	0.0322682
558	3787	24.318415	50.3992	1518	0.0533396
559	3341	27.179547	44.1472	1520	0.0429008
560	3817	26.825484	42.1922	1521	0.0366485
561	3757	26.096337	49.8396	1522	0.0535688
562	3129	25.4294 	44.5728	1523	0.0412079
563	1388	25.443296	48.1048	1524	0.0510774
564	1116	23.764098	42.5343	1525	0.0381269
565	3710	23.573371	49.6141	1526	0.0535121
566	3632	23.528226	48.543	1527	0.0523217
567	3600	25.055145	40.3173	1528	0.0336599
568	3857	25.846508	51.4332	1530	0.0510044
569	3024	22.786615	46.5355	1531	0.0448944
570	3770	25.537378	45.814	1532	0.0449108
571	3695	24.074034	49.8811	1533	0.0535185
572	3764	25.58205	49.7796	1534	0.0511408
573	3644	24.274116	48.5425	1535	0.0517326
574	3924	25.320647	48.7588	1536	0.0500761
575	3876	25.45445	49.1724	1537	0.0480236
576	3762	25.865762	51.4333	1538	0.0558896
577	3541	29.849804	47.0057	1600	0.0443822
578	2964	29.570684	48.1357	1601	0.0463018
579	2308	25.420317	44.3461	1602	0.0406031
580	924	20.922118	48.6118	1603	0.0550108
581	3288	23.890243	43.6735	1604	0.0431005
582	3220	21.818248	44.3212	1605	0.0434001
583	3320	26.982028	47.2034	1606	0.0455402
584	3051	24.665249	43.6916	1607	0.038169
585	3820	26.415493	46.9889	1608	0.0466988
586	3378	24.531851	51.3885	1610	0.0598138
587	2405	24.77439	48.0517	1611	0.0482163
588	3819	26.833592	49.6503	1612	0.052522
589	3336	27.318703	46.4566	1613	0.0440487
590	3296	25.979253	40.5906	1614	0.0344092
591	2389	26.715137	46.5652	1615	0.045254
592	1238	27.994736	43.8554	1616	0.0366544
593	3122	27.254477	50.3096	1617	0.0522959
594	2984	25.93381	51.1161	1618	0.0533628
595	3145	27.139549	48.19	1620	0.049741
596	3758	23.172326	46.7366	1621	0.0473679
597	3570	24.343299	45.0152	1622	0.0429687
598	3640	25.0389 	43.8851	1623	0.0418403
599	3462	25.219705	47.6382	1624	0.0462526
600	3090	24.497069	49.6505	1625	0.0506134
601	3317	24.113434	49.8215	1626	0.0530627
602	828	22.971959	47.4287	1627	0.0483811
603	3293	25.723634	51.6114	1628	0.0562209
604	2968	25.521903	44.7983	1630	0.0422425
605	3115	24.788893	48.219	1631	0.0506719
606	3901	25.778775	44.7756	1632	0.0401958
607	3375	25.32833	50.1396	1633	0.0562276
608	3292	25.858857	45.0224	1634	0.041348
609	1491	24.808528	42.7657	1635	0.0399944
610	3912	26.092003	50.7982	1636	0.0515234
611	3680	26.266793	46.0783	1637	0.0446559
612	3582	25.788202	47.2878	1638	0.0485419
613	851	23.961312	42.5384	1700	0.0368375
614	1105	26.071724	51.1387	1701	0.0521577
615	378	23.464819	45.4133	1702	0.0461579
616	761	23.985685	42.7027	1703	0.0400495
617	1134	25.507929	45.0815	1704	0.0439119
618	1682	25.595684	50.3069	1705	0.0519859
619	1833	24.262791	51.6844	1706	0.0548187
620	1925	24.187817	38.0422	1707	0.0300335
621	2537	27.253486	50.6564	1708	0.0525536
622	843	24.412565	44.6332	1710	0.0433077
623	870	25.468461	49.4255	1711	0.0499199
624	529	25.167736	44.7348	1712	0.0415612
625	665	24.698584	54.0597	1713	0.0622596
626	925	24.698062	48.5966	1714	0.0471973
627	1064	24.154459	39.2202	1715	0.0316486
628	1875	26.389402	51.853	1716	0.0551623
629	2774	26.306186	47.5566	1717	0.0452359
630	511	23.762209	44.7601	1718	0.0443515
631	2700	26.892398	50.7339	1720	0.0515431
632	883	23.970275	51.8828	1721	0.0564239
633	2876	26.206842	50.7339	1722	0.0536491
634	2041	25.770894	46.0517	1723	0.0438922
635	1290	24.31221	48.2681	1724	0.0454448
636	2741	24.065187	51.4447	1725	0.0537956
637	2952	25.426208	48.4361	1726	0.0494759
638	3015	25.682739	45.2333	1727	0.04167
639	935	24.585215	45.403	1728	0.0407663
640	2712	23.28586	45.7265	1730	0.043454
641	2928	27.467086	43.8001	1731	0.0399804
642	767	25.544425	47.3021	1732	0.0457145
643	523	24.651583	46.5215	1733	0.0430121
644	1461	25.465419	53.5708	1734	0.0585488
645	518	24.002455	49.771	1735	0.0542491
646	520	22.996043	48.4855	1736	0.0477829
647	832	22.67019	44.6035	1737	0.0427557
648	850	25.156574	39.5176	1738	0.0326994
649	2756	26.756746	49.9571	1800	0.0486748
650	2789	29.679868	43.3558	1801	0.0361189
651	2835	25.205499	49.6208	1802	0.05083
652	480	24.804946	42.7373	1803	0.038134
653	660	24.61422	43.8984	1804	0.0387549
654	1083	27.979693	48.9178	1805	0.049455
655	1542	23.93898	43.4928	1806	0.0390834
656	2851	23.939788	41.5478	1807	0.0380557
657	2881	24.563178	49.3018	1808	0.0541685
658	990	25.18078	46.5202	1810	0.0479106
659	1008	24.104653	40.8815	1811	0.0354263
660	1034	23.956286	42.5507	1812	0.0385595
661	1397	24.13784	47.2415	1813	0.0468693
662	1590	26.134923	51.711	1814	0.0579779
663	2116	24.114558	47.5996	1815	0.0507784
664	922	25.696069	46.3597	1816	0.0445863
665	1013	24.79461	41.6649	1817	0.0364913
666	1285	26.338999	50.2711	1818	0.0536707
667	1494	23.738066	50.9007	1820	0.056481
668	2244	26.690349	48.8052	1821	0.0506583
669	2559	24.646122	42.9909	1822	0.0409873
670	2943	25.412875	48.83	1823	0.0511252
671	1828	27.106209	46.9	1824	0.0451448
672	2010	26.476761	43.1898	1825	0.039899
673	2657	27.587326	44.0969	1826	0.0396516
674	1441	22.610102	51.4083	1827	0.0577562
675	2011	24.415376	52.0709	1828	0.0597021
676	2813	26.772524	46.4347	1830	0.0474348
677	631	22.89793	44.5071	1831	0.0429576
678	4044	25.133281	43.0446	1832	0.0417152
679	936	26.540105	46.1626	1833	0.0421004
680	1049	24.989683	50.8464	1834	0.0540602
681	2317	25.930893	48.5888	1835	0.0533166
682	2482	25.858267	46.7494	1836	0.0483771
683	938	24.53777	45.1729	1837	0.0431584
684	1024	23.79872	40.4855	1838	0.0348418
685	283	23.725151	37.5764	1900	0.0324993
686	411	25.731556	45.7388	1901	0.044706
687	854	25.331731	44.796	1902	0.0414648
688	983	25.694006	49.4764	1903	0.052305
689	984	25.755938	45.2098	1904	0.0426188
690	1031	24.978773	41.9326	1905	0.0374913
691	1035	25.447054	45.8642	1906	0.0421753
692	1250	28.920478	47.1824	1907	0.0416347
693	1257	28.094359	49.3855	1908	0.0500887
694	1265	26.409946	48.791	1910	0.0508193
695	2168	24.892088	48.4531	1911	0.0505658
696	1436	25.870602	49.5458	1912	0.0496202
697	1667	24.284072	48.4102	1913	0.0547676
698	1790	24.5325 	48.8155	1914	0.0491673
699	2502	24.796464	47.9373	1915	0.0492471
700	2761	26.461158	45.9618	1916	0.0467356
701	414	25.596489	47.5365	1917	0.0511513
702	958	23.838313	41.8022	1918	0.0395386
703	2025	26.970203	52.2833	1920	0.0564078
704	296	23.535426	37.2633	1921	0.0328941
705	822	26.900299	44.0991	1922	0.0388
706	844	33.219912	48.0244	1923	0.0404973
707	905	36.126177	50.561	1924	0.0425026
708	1370	34.197476	51.8971	1925	0.0469084
709	2223	25.590719	48.6875	1926	0.049177
710	2238	23.763511	44.5422	1927	0.0428155
711	2306	23.25151	44.7613	1928	0.0444066
712	258	22.509398	45.425	1930	0.0486626
713	1039	23.561578	44.63	1931	0.0434543
714	1046	27.837701	48.2138	1932	0.0477934
715	1226	28.775096	46.0671	1933	0.0396661
716	1352	31.621532	52.3015	1934	0.0503537
717	1360	30.663127	49.6277	1935	0.0497357
718	2287	25.193787	53.4496	1936	0.0630484
719	2596	24.557324	49.4023	1937	0.0528026
720	2641	27.161404	47.2591	1938	0.0480867
721	3983	24.870708	52.5708	2000	0.0565243
722	3781	26.533476	49.9977	2001	0.0503023
723	3045	26.385342	50.4728	2002	0.0524717
724	3200	26.404278	48.3029	2003	0.0500039
725	3212	28.174141	50.9716	2004	0.0521436
726	3217	26.69789	47.5091	2005	0.0499537
727	3236	26.358746	52.9491	2006	0.0574751
728	1252	24.95611	47.5359	2007	0.0444586
729	3066	25.002367	48.0035	2008	0.0508377
730	3616	25.116076	43.0086	2010	0.0420755
731	3979	24.981054	50.0406	2011	0.0530503
732	1319	26.479436	46.0408	2012	0.0432685
733	2536	23.69489	40.2402	2013	0.0372341
734	3878	23.423456	41.5515	2014	0.0372754
735	857	22.433003	42.1909	2015	0.0387001
736	795	25.819436	45.4729	2016	0.0425747
737	1153	22.03643	39.5702	2017	0.0345123
738	617	24.643477	47.4015	2018	0.0479578
739	2473	23.352377	50.5401	2020	0.0585785
740	650	22.364882	38.2532	2021	0.0318101
741	538	24.978781	51.9669	2022	0.0535341
742	682	23.858432	44.6501	2023	0.0463034
743	1113	23.592649	38.3463	2024	0.0310653
744	2794	24.768265	50.062	2025	0.0533451
745	451	24.413348	37.0551	2026	0.0358035
746	2923	25.921368	46.3602	2027	0.0458547
747	3159	23.402679	49.5585	2028	0.0540671
748	1610	24.700025	46.4908	2030	0.0458641
749	1728	23.249762	42.7974	2031	0.038848
750	2275	26.182779	48.5397	2032	0.0501987
751	2750	23.96739	47.9004	2033	0.0486369
752	464	22.572443	36.7368	2034	0.0315718
753	559	23.720094	51.9358	2035	0.0580631
754	1208	24.128756	38.5908	2036	0.0308801
755	1603	25.601214	47.1656	2037	0.0482096
756	2490	23.877811	48.6516	2038	0.053946
757	3852	25.475245	51.1748	2100	0.0520895
758	1385	23.299685	43.2419	2101	0.0393688
759	3485	24.761525	41.674	2102	0.0399868
760	2295	24.53283	46.7181	2103	0.0476515
761	878	24.008458	48.7269	2104	0.0508637
762	3869	23.461149	46.5533	2105	0.0472689
763	3361	26.478755	46.6392	2106	0.044794
764	3859	25.201372	47.4774	2107	0.0491361
765	3152	23.721581	47.3863	2108	0.0498904
766	3095	24.998429	50.6112	2110	0.0529691
767	4085	24.406214	40.8938	2111	0.0357567
768	3415	26.716137	45.9424	2112	0.0441973
769	3645	24.069245	43.4923	2113	0.0430349
770	1930	24.425746	47.6305	2114	0.048107
771	2673	26.646228	53.0003	2115	0.0558743
772	1481	24.259832	45.405	2116	0.0437318
773	2973	25.086885	44.0308	2117	0.0409839
774	1966	23.120042	50.8717	2118	0.056758
775	3749	23.558252	44.6867	2120	0.0438414
776	3135	25.948895	46.3237	2121	0.0465948
777	3527	26.046426	44.3323	2122	0.0408492
778	3555	24.065678	40.175	2123	0.0359712
779	3040	27.391613	49.3448	2124	0.0524739
780	3043	23.773021	52.3685	2125	0.0612667
781	3050	25.924479	50.3363	2126	0.0587902
782	3668	26.016881	54.3342	2127	0.0614639
783	4083	24.232249	50.7554	2128	0.0566418
784	3551	25.079961	48.4057	2130	0.0504788
785	3854	25.941845	52.7928	2131	0.0595065
786	913	23.366465	44.8479	2132	0.0417829
787	3056	26.088964	50.9715	2133	0.0558585
788	966	24.77469	48.1668	2134	0.0473404
789	3914	25.530084	47.2849	2135	0.0478906
790	3472	25.532866	43.1848	2136	0.0419471
791	3376	25.063971	47.9685	2137	0.0514376
792	3328	24.786259	46.8847	2138	0.0491306
793	1799	29.149839	52.4023	2200	0.0508112
794	651	24.074404	41.3637	2201	0.035086
795	928	24.488087	45.3521	2202	0.0449426
796	1770	21.391551	39.4319	2203	0.0363669
797	1163	24.192817	41.0472	2204	0.0360566
798	2341	24.8784 	42.0969	2205	0.0389426
799	2139	24.645675	45.6299	2206	0.0469808
800	892	24.464851	43.3638	2207	0.0388171
801	1812	27.257579	49.2051	2208	0.0504432
802	2947	26.810031	48.3705	2210	0.0477492
803	420	24.37613	43.6298	2211	0.0443932
804	734	21.89018	47.1747	2212	0.0500465
805	1204	24.786675	40.6365	2213	0.0362599
806	1997	22.746938	41.8326	2214	0.0401283
807	1637	25.424391	50.8657	2215	0.0577955
808	2015	23.561625	49.6454	2216	0.0499527
809	2642	24.979835	46.6443	2217	0.0453764
810	840	23.62873	49.5728	2218	0.0502174
811	1801	27.483897	50.4373	2220	0.0530292
812	835	23.03832	43.7287	2221	0.0428533
813	941	23.305405	42.6413	2222	0.0389953
814	2879	24.397917	42.962	2223	0.0406064
815	282	23.964065	36.1919	2224	0.0300999
816	978	22.852032	41.98	2225	0.0376446
817	1552	24.510992	52.7606	2226	0.0655636
818	459	24.239079	37.5154	2227	0.0333565
819	823	22.79978	49.8503	2228	0.0539993
820	376	23.525657	38.0697	2230	0.0338562
821	1359	25.410121	45.8164	2231	0.0428553
822	2333	24.505837	50.0284	2232	0.056325
823	1621	23.722594	52.5455	2233	0.0574837
824	2574	23.674036	47.7547	2234	0.0500035
825	1810	24.531864	52.7331	2235	0.0606061
826	2538	25.638904	45.9813	2236	0.0481273
827	2903	24.245846	47.421	2237	0.0518
828	2117	25.539348	49.6146	2238	0.0528229
829	1233	24.478264	47.6099	2300	0.0482285
830	1641	24.020649	48.6557	2301	0.0504697
831	1659	26.11274	53.5541	2302	0.0620469
832	2388	26.431137	52.658	2303	0.0599197
833	2426	25.458272	48.5724	2304	0.0521171
834	879	24.682419	48.4667	2305	0.0492631
835	2019	25.540385	49.5873	2306	0.0530596
836	2766	26.580103	47.4454	2307	0.0440884
837	799	26.038574	46.7552	2308	0.0464814
838	842	25.13285	46.4603	2310	0.0456157
839	901	25.94851	42.8656	2311	0.0368843
840	3921	23.837486	50.6434	2312	0.0556675
841	1910	25.653366	47.3144	2313	0.0485098
842	2267	25.403232	49.4795	2314	0.0554127
843	293	24.608486	49.5286	2315	0.0547834
844	3537	24.786151	44.3655	2316	0.0430522
845	1115	22.055221	46.5117	2317	0.0467352
846	2328	23.73868	49.2138	2318	0.0574752
847	2572	24.775833	49.5668	2320	0.0537476
848	614	24.178068	43.1971	2321	0.0419579
849	653	24.886059	46.894	2322	0.0469521
850	884	24.564805	48.2984	2323	0.051898
851	2886	25.641099	49.4818	2324	0.0537587
852	1000	23.905288	48.4296	2325	0.0500341
853	2676	25.95519	48.0522	2326	0.0494036
854	996	24.455755	42.4148	2327	0.0405474
855	2555	25.838907	45.0257	2328	0.044721
856	575	25.229526	48.7591	2330	0.0531941
857	920	24.775824	49.1066	2331	0.0525404
858	1608	26.310978	53.0946	2332	0.0593205
859	1894	24.759692	53.3834	2333	0.061189
860	2414	25.764632	44.1432	2334	0.0433628
861	240	25.632708	40.2511	2335	0.0382023
862	770	22.067572	42.9433	2336	0.0428208
863	1791	26.876684	53.4129	2337	0.0585281
864	2313	27.104054	48.128	2338	0.0533203
865	2758	25.57873	44.677	2400	0.0423822
866	2938	25.887042	49.6494	2401	0.0516841
867	2941	25.721763	48.4844	2402	0.0528248
868	363	25.795955	42.6716	2403	0.0382307
869	900	25.277661	49.3855	2404	0.0495973
870	937	25.06335	42.5255	2405	0.0396121
871	1095	22.666295	42.7332	2406	0.0402954
872	1430	22.66487	44.6111	2407	0.0451237
873	1476	24.047326	51.2196	2408	0.0574514
874	1528	23.297254	44.601	2410	0.0454808
875	1765	23.193348	49.9885	2411	0.0548101
876	3020	23.029927	44.0929	2412	0.0433188
877	1892	27.84584	50.5001	2413	0.0549817
878	2156	25.949393	48.7802	2414	0.0520658
879	2174	28.69896	46.2624	2415	0.0474796
880	826	22.567774	45.0054	2416	0.046195
881	2456	25.464864	47.5521	2417	0.0493952
882	2594	23.836786	46.3154	2418	0.0473345
883	2628	25.027438	42.3091	2420	0.0396343
884	2852	26.750709	44.974	2421	0.0427779
885	2986	25.424274	46.625	2422	0.0475208
886	979	24.619976	44.4541	2423	0.042507
887	1060	23.678213	50.2367	2424	0.0546142
888	1205	25.009988	47.1792	2425	0.0488552
889	1206	24.823563	44.8044	2426	0.0414171
890	1374	24.732134	39.053	2427	0.0349027
891	1994	27.871264	50.3264	2428	0.0517893
892	2047	26.277313	48.9624	2430	0.053286
893	2416	24.723189	47.6459	2431	0.0495686
894	2806	26.031466	45.952	2432	0.0463521
895	2999	26.624823	45.1751	2433	0.0445878
896	1332	24.265127	50.4204	2434	0.0539906
897	1538	24.117912	44.4291	2435	0.0456126
898	1755	26.769727	45.4926	2436	0.0417935
899	1995	25.214149	43.7555	2437	0.0419573
900	2272	25.05686	41.7043	2438	0.0382135
